docId,filename,0 â dream good,1 ye oâ aâ,2 â 1 ft,3 jack de water,4 â man œ,5 â love iâ,6 fo faid 1,7 â god lord,8 â œ time,9 â oâ ye
0,104184105.txt,9.197215908489357E-5,8.355239718012984E-5,0.009004099523235562,4.752194540471411E-5,0.03809709290195578,0.2903719617223679,1.0503934632613946E-4,0.08474207311544969,0.09548315687623521,0.48197353001275994
1,104184106.txt,0.05292446851874524,0.019929799793561243,4.139013952766671E-4,8.051346182594391E-5,0.18987105717951594,0.4391904197336613,1.7796159918597948E-4,1.0844195696539561E-4,0.07932013557122086,0.21798330079004147
2,104184107.txt,0.5458816965916514,0.004430256149712439,1.5693080501423957E-4,0.05317476769673401,0.019470638436970424,0.020841401220410522,6.747417945573563E-5,0.028801528568284964,0.3264315437106316,7.437626411346019E-4
3,104184108.txt,0.19514611890647948,5.63861637171041E-5,8.217166038691776E-4,3.207065606949147E-5,0.16824635907407792,0.021238655335223705,7.088684440632459E-5,0.030258233456898733,0.4683996781240929,0.11572989483516516
4,104184109.txt,5.5669228408836975E-5,0.16323934356739644,0.0030935161392521087,2.876424843658841E-5,0.003029150300812044,0.002553385159303291,6.357858096108602E-5,3.874198575445367E-5,5.9722034782735965E-5,0.8278381287548925
5,104184110.txt,1.3134748476265125E-4,1.1932303563049258E-4,3.488895647640941E-4,6.786714655872922E-5,1.9702306283141108E-4,0.9359393658542849,1.5000902532163725E-4,9.140889013561713E-5,0.05574119915960603,0.0072135667761044076
6,104184111.txt,0.026238516440130318,4.323691349093283E-5,0.05150092247364018,0.09975156571055249,0.09476164973074078,0.01729314526954998,5.4356036254187673E-5,3.3122173385990196E-5,0.7097243228850781,5.991623671769784E-4
7,104184112.txt,0.10321221345022356,0.003350366311851053,1.0400108810818262E-4,0.026538607463797187,0.03610714944537064,0.03370078342375832,4.471644736651E-5,0.017015583389263077,0.779848022690897,7.855628936449113E-5
8,104184113.txt,0.1803170895511492,0.09493503978768766,0.00432222298923164,1.7225753009310232E-5,0.29958211130463147,1.1789670595936247E-4,3.8074658363922707E-5,2.3201019111194507E-5,0.3584864334450121,0.062160704785844234
9,104184114.txt,0.01872687674811405,0.13435501092734944,0.011594048540335201,6.316622172760474E-4,0.010323734404253763,0.03151861956212673,6.672523352932632E-4,3.960529314333606E-5,0.009094907858034284,0.783048282114074
10,104184115.txt,1.535439075618996E-4,1.3948744573191317E-4,0.09140251035337114,7.933602151981607E-5,0.15947097635133825,0.01191732529170339,1.7535906347241733E-4,1.0685608637790965E-4,0.6598760209968461,0.07667858448207715
11,104184116.txt,9.66769989539611E-5,8.782652375626462E-5,0.01867261260047376,4.995293262541613E-5,1.450168495702686E-4,0.39321262841190796,0.20166128703993136,0.1074928735518504,0.13924543563357006,0.13933568945736052
12,104184117.txt,8.778547285013364E-5,0.03445292617186718,0.029032327148079948,4.5358687777030466E-5,0.001060684224877021,3.104444765149471E-4,1.0025782559478522E-4,6.109270122500893E-5,9.417639174863021E-5,0.9347549468994653
13,104184118.txt,0.004873152045679819,8.211379631256163E-5,2.4009317652069556E-4,4.6703714998465406E-5,0.13118330290663682,0.1304108161989026,1.0323078427581546E-4,0.009628431208224677,0.0900129220364523,0.6334192341319962
14,104184119.txt,3.0365326018869836E-4,2.381616090565047E-5,0.19677253412749285,0.3420934796825363,0.08854175680493653,0.01923587015102763,0.3529299212760838,1.8244665199587467E-5,2.8124746536098165E-5,5.2599125092954525E-5
15,104184120.txt,0.38165398577698356,6.134214161360976E-5,0.006610591278028653,3.488945862900345E-5,0.023682472390354523,0.02096165115107026,7.711733803936127E-5,0.042207293894617845,0.5245751795308082,1.354770398548358E-4
16,104184121.txt,1.4286534915682395E-4,1.2978647576394116E-4,0.18029522732940462,7.381841842583359E-5,0.0077737850468449134,0.01562419896027248,1.631633206983534E-4,9.942453811628741E-5,1.5326616867995154E-4,0.7955444643926367
17,104184122.txt,0.5704726160626636,2.7326318727743544E-5,0.012494664652404853,1.5542340740888692E-5,0.02837625091551303,0.004881284696078457,3.435375588893983E-5,0.016892280991277705,0.3606971099381846,0.00610857032852019
18,104184123.txt,0.1472809810837599,2.3067390197232433E-5,0.1809123584057295,0.040051592227647204,0.0513625728053039,0.02078081860777227,2.8999569964983818E-5,0.02312712483043312,0.536112825071128,3.196600080638786E-4
19,104184124.txt,0.0015944945654842986,1.2505954690280867E-4,0.003279327572067389,7.112989167074335E-5,2.0649503959488025E-4,0.9066366358327974,1.5722078003571876E-4,9.580341568453694E-5,0.08755763339315406,2.7619996260809553E-4
20,104184125.txt,1.0299974688744308E-4,9.357044400196104E-5,2.7359135903750606E-4,5.3219891725782096E-5,0.06773527279068722,0.4407292769209501,1.1763370777050578E-4,0.04367217868905562,0.14072210398665,0.3065001524632338
21,104184126.txt,0.26214082057027127,1.1593876545335047E-4,0.06111525163044145,6.594228134814496E-5,0.006944352529228017,0.2097917649727898,1.4575443132798228E-4,0.0811238261412726,0.1784139348559334,0.20014241382193393
22,104184127.txt,0.2774814609722254,0.1875057972871939,2.0909201012985276E-4,4.067326606726422E-5,0.055931842535765275,0.012773995532819073,9.229427529133558E-4,5.4782001276302E-5,8.444824192614055E-5,0.4649949653996834
23,104184128.txt,0.14339210026321186,9.919275347207469E-5,2.9003047403011625E-4,0.13871729990908876,0.20699960045759874,0.05122845806422053,1.247018917067585E-4,0.03358570104278935,0.42534384322591556,2.1907191796619057E-4
24,104184129.txt,0.06912015435626769,0.1427224370862978,2.8869611211009705E-4,5.615811801295722E-5,0.034668764974995527,0.09354983997266418,1.2412816766550283E-4,7.563823587643034E-5,0.010468319019638836,0.6489258639564709
25,104184130.txt,1.5790579938492933E-4,1.4345002007702716E-4,0.1407889067094733,8.158980774314432E-5,2.3686090593877585E-4,0.09580913113034073,0.29930100139176236,0.46299493645014805,1.694015870671827E-4,3.1681619806440877E-4
26,104184131.txt,0.045807374169478464,9.734833215984928E-4,0.03339636591004629,4.3772749128344325E-5,0.004609688881035847,0.16346672266708567,0.3300171085825916,0.394528947753436,0.026986564784868897,1.6997118073040784E-4
27,104184132.txt,8.178328485214995E-5,0.3142455716652534,0.0893622530186629,0.01389002707560165,1.2267607026583983E-4,0.04356349869941599,0.3064753077797712,0.18786729233184632,0.005280650877825944,0.039110939196504595
28,104184133.txt,0.08647790527226874,1.0901854877061279E-4,0.007938574960312587,6.200628225673815E-5,1.8000856473963836E-4,0.0461432727384964,0.36207825594252807,0.47251203049799384,0.02425815453800798,2.4077265462534505E-4
29,104184134.txt,0.00593847268863243,3.616866709017666E-5,0.038025706005693514,2.0571587181575396E-5,0.01354237040829306,0.05912738854523656,0.3893569788568059,0.49340841826965387,4.6404474838879586E-4,7.988022302411757E-5
30,104184135.txt,4.443810241110289E-5,0.10020869428345971,0.04197240823617191,2.2961134083198736E-5,0.0019477530676246533,0.23482378866555306,0.09269469494086022,3.092588813917547E-5,4.767326535198362E-5,0.5282066624163452
31,104184136.txt,3.465866474448722E-5,0.00223217327673407,0.07088084287031357,0.5531240340466876,5.198848149962917E-5,0.03093219192689417,0.15298736439613592,0.14270202655924008,0.02607865066370946,0.02097606911404106
32,104184137.txt,9.921466422398197E-5,0.01583947430770159,0.08216011795290781,5.126414236124562E-5,1.4882338294122647E-4,0.18304323489363408,0.30145072941906725,0.41690164305736527,1.0643764602279873E-4,1.9906053377466296E-4
33,104184138.txt,0.11972712459483768,0.0406219121353512,0.0358416609441775,4.827371083162942E-5,0.38969119000168706,0.28705578620920025,1.0670099860828578E-4,6.501888695185462E-5,0.029761476048581693,0.09708085646977284
34,104184139.txt,1.503675787952414E-4,1.3660189987404618E-4,0.10701588386746053,7.769481483576697E-5,0.008182006640991633,0.7150212545681633,0.16884853868076372,1.046455782148434E-4,1.613145722993291E-4,3.016917986015749E-4
35,104184140.txt,2.2856644057753846E-4,0.02923376355202852,0.06107821256527835,1.1810010788644935E-4,3.4285285526735476E-4,0.5111842745288772,0.23730770076439103,1.590666520428278E-4,2.4520643279063345E-4,0.16010225610086012
36,104184141.txt,1.2625799836032698E-4,1.1469947570147803E-4,0.020377573804720765,6.523741276367891E-5,1.8938876209823196E-4,0.6311078230020767,0.34219779606620143,8.78669547552979E-5,1.3544977692698005E-4,0.005597906746395078
37,104184142.txt,1.7043753741422215E-4,0.007369572140166157,0.0022564062706871614,8.806494735473629E-5,2.556586881238993E-4,0.561548585380751,0.3573241652518986,1.1861290043455641E-4,0.06872285307610727,0.002145643807062375
38,104184143.txt,7.134749585295561E-5,0.45913344305468795,0.018310645616331327,3.686519742955696E-5,1.0702224091844858E-4,0.15805715382691327,0.12164406493691374,0.021190971348263515,7.654170447088374E-5,0.22137194457821832
39,104184144.txt,1.6801319517337812E-4,1.5263211556957443E-4,4.462822462462012E-4,8.681229154282488E-5,2.5202214088048774E-4,0.5571170475454083,0.2420037450426601,1.1692572360018535E-4,1.802448169824153E-4,0.1994762748819365
40,104184145.txt,6.457070103650664E-5,0.10119157247703038,0.10677107181486811,3.3363632646360164E-5,0.4176117884106239,0.04259483836560628,0.33080570355088335,4.49368035306615E-5,6.927154845630561E-5,8.128826953181242E-4
41,104184147.txt,1.5556614886486254E-4,0.046237875522711615,0.05968021408568821,8.038091207964144E-5,2.3335139746016555E-4,0.7035225462293742,0.17633234552395102,0.006693484994888098,0.0034595023896025015,0.003604732795379726
42,104184148.txt,1.401115050139394E-4,1.2728473739128776E-4,0.0759926217455383,7.239550922903574E-5,2.101692156926214E-4,0.6039763594224639,0.2136765911059621,9.750805043353948E-5,0.0031158197971950193,0.10259113891108027
43,104184149.txt,1.1243666384799317E-4,1.0214344089459668E-4,0.06812183145852718,5.809593961951629E-5,1.6865656716539212E-4,0.7535918102532244,0.14648368041526222,0.016736571551286928,0.014399185058569788,2.2558865160190515E-4
44,104184150.txt,0.0020030245361931935,0.001987193076019286,0.00960980838618259,0.014730087628698495,0.013070043396495156,0.48924603507746783,0.4247787697936223,0.044042549518078455,1.8552264958726715E-4,3.4696593765537405E-4
45,104184151.txt,1.0134277361718638E-4,9.206516142328897E-5,0.14183618627127553,0.006487227199421796,0.01623917423811845,0.5687713278717238,0.26609009784989307,7.052765781051505E-5,1.0872068508827723E-4,2.0333029162805644E-4
46,104184152.txt,1.2139206934254298E-4,1.102790071815541E-4,0.0696936723988142,6.27231909010291E-5,1.8208980056625863E-4,0.5746688899444407,0.3469947728687096,8.448060006568906E-5,0.001414881947751659,0.006666818172226835
47,104184153.txt,1.5817011194576544E-4,1.4369013565420188E-4,0.1175904960779175,0.06368849288606862,0.003584981931538441,0.5127612092772086,0.28306336728199816,0.018522560650928374,1.6968514199335914E-4,3.1734650474694317E-4
48,104184154.txt,1.6224371649545743E-4,1.4739081451916672E-4,0.06567588912822844,8.383120625056015E-5,2.4336784223047146E-4,0.7079661787855708,0.21652375353637848,1.1291055997856877E-4,1.7405531128726655E-4,0.008910379099060799
49,104184155.txt,1.249226779952139E-4,0.1376031105970608,0.10873710439612821,6.454745373564158E-5,1.8738576288837916E-4,0.5424681795450013,0.15481849861918867,8.693766286386167E-5,1.3401724316334124E-4,0.055775296041974586
50,104184156.txt,1.409474666818088E-4,0.22386814703948718,0.09285363187619057,7.282744999389539E-5,2.1142316987766657E-4,0.301801785041029,0.16722024975967575,9.808982273313046E-5,1.512086613791341E-4,0.2135816897129518
51,104184157.txt,4.104119672420638E-5,0.40569728933876315,5.433404815040305E-4,2.1205955470411626E-5,0.5911785508700445,1.451380555225182E-4,4.687223306755235E-5,2.856187348525444E-5,4.78354547160302E-4,0.0018196454482582174
52,104184158.txt,0.0020382699353551307,0.0016347161713631609,1.0042262149811025E-4,1.953453888949746E-5,5.671012968959231E-5,1.3369852605352284E-4,4.317784506212195E-5,2.631067622173872E-5,4.406514725313381E-4,0.9955065080833359
53,104184159.txt,1.2297182984079042E-4,0.15497479565460714,3.2664187113233003E-4,6.353945196195453E-5,0.08477353759857789,0.07331162172099523,1.4044337712114746E-4,8.558000561643736E-5,0.03657029649000276,0.6496305720001443
54,104184160.txt,0.0011553428043932236,3.205002979173267E-5,9.371133482843074E-5,1.822903731533384E-5,5.29201675103166E-5,0.001244826417904114,4.0292251242044665E-5,2.45523224966218E-5,0.010491769739346301,0.986846305895172
55,104184161.txt,0.026320136826669616,8.339006822002933E-5,0.0021866651265180707,4.742961785649464E-5,0.11476526615240279,0.10815225215302034,0.001076255395908166,6.388199515750796E-5,0.08461202698923269,0.6626926956750143
56,104184162.txt,4.967249756374194E-4,0.09307611658526525,0.0010215926373179803,2.215874200644317E-5,0.029563914868909635,0.0024208580897038473,4.897820903467201E-5,2.9845162443328374E-5,0.049060704851417454,0.8242591058782641
57,104184163.txt,2.613640540683261E-5,0.23042569838136467,3.460173735664279E-4,1.3504661010214134E-5,0.11122958406346221,9.24287633371702E-5,2.9849804186010442E-5,1.818915538954008E-5,0.03183623219963324,0.6259823591926438
58,104184164.txt,3.338517875251209E-5,3.836332378250401E-4,0.026939810730320563,1.7250096744375422E-5,5.007823471366876E-5,0.002237889522774048,3.914328333246252E-4,3.7653817438508113E-4,3.581567166770507E-5,0.9695341663194925
59,104184165.txt,3.6393986908857414E-5,3.30622318692174E-5,4.818165148495033E-4,4.0395034004042386E-4,5.459148899871657E-5,0.03363637037794228,4.156475865245133E-5,2.5327732441624912E-5,3.904352573545268E-5,0.9652478790425616
60,104184166.txt,3.600569869455814E-5,3.270949021974116E-5,0.0050491136192254114,1.860411742690533E-5,0.9896057162178277,0.0046997681392268705,4.112130336530847E-5,2.50575103297514E-5,4.196634374471616E-4,7.224046623680414E-5
61,104184167.txt,3.216907303538895E-5,0.007859222663181478,0.01404327209704642,1.6621735835264407E-5,0.9675637292392619,4.541974046816743E-4,3.673957898972601E-5,0.003086299963545743,3.4511031563766014E-5,0.006873237212858781
62,104184168.txt,0.008471390890825797,1.1932303563049258E-4,0.1337895840617744,0.0014578743809025869,1.9702306283141108E-4,0.1867254665429456,1.5000902532163725E-4,9.140889013561713E-5,1.409097858517242E-4,0.6688570103237806
63,104184169.txt,0.005121826365995169,0.01011462838063839,0.08912828619546832,6.107551404916092E-5,0.01143545856162975,0.07046873783343979,1.349972526928668E-4,8.22613773641558E-5,1.268085965276862E-4,0.8133259199221946
64,104184170.txt,1.6741784780088519E-4,1.5209127037662032E-4,0.007531612959674473,8.650467600336219E-5,2.511291115012869E-4,0.05374389705623395,0.003734660227864222,1.1651140243778874E-4,1.796061273956527E-4,0.9340365693207117
65,104184171.txt,0.03943066821103187,1.3488477286789654E-4,0.07424490935116526,7.671816762284165E-5,2.227181946832816E-4,0.10580134674426935,0.004883435629149782,1.0333015179257157E-4,1.592867995609114E-4,0.7749427019778562
66,104184172.txt,0.026128944772226537,1.591400945049911E-4,0.04495748430493299,9.051382291836571E-5,0.18750066403244986,0.2768417385388144,2.0006573198667795E-4,1.2191124151270811E-4,1.8793015546941861E-4,0.463811607305184
67,104184173.txt,0.0018078240012910157,0.0463906217842401,0.07969829424824004,8.064644944872719E-5,0.13732886941865813,0.24335832080557304,1.782555461792614E-4,1.0862107531082176E-4,0.19342148409073956,0.2976270625803193
68,104184174.txt,3.024578610378523E-4,2.74768795112889E-4,0.02640989522699732,1.5627974924672887E-4,0.17969916708119982,0.5260027916371905,3.45430359912433E-4,2.1049004052283408E-4,3.2447726353518385E-4,0.2662742419852444
69,104184175.txt,0.04488725535514335,0.002810848049055897,0.049885523123387426,1.5104788475383838E-5,0.6005226153786815,0.003506402743019471,3.4275228929463706E-4,0.017344821844787403,0.24597706896380395,0.03470760746435111
70,104184176.txt,0.12252195010562691,2.34198119111573E-5,0.06472681221408577,1.332044394407118E-5,0.5424047869068356,0.02491778596193699,2.9442623039595176E-5,1.7941037140666963E-5,0.22537695871495364,0.019967582180525665
71,104184177.txt,0.666717539799047,2.963777439816559E-5,0.013551552839524665,3.621107338892952E-4,0.021454667178094383,0.0042584175692847205,3.725964250473067E-5,0.1336358904248874,0.15988746760274933,6.545643562040332E-5
72,104184178.txt,0.19580349452629967,3.219426822911422E-5,9.413307473283728E-5,1.8311075549757322E-5,0.3169573868635049,0.15126426464556963,4.047358309713194E-5,0.22879576270606514,0.01053898705809465,0.09645499219885725
73,104184179.txt,2.5992617892553185E-5,0.3510146261177308,0.0017194704185834514,1.3430366109763237E-5,3.898929010670761E-5,0.061432826157630176,0.14279170421537055,1.8089089087399678E-5,2.7884920884353557E-5,0.4429169868066043
74,104184180.txt,0.5535850617514724,2.9134829006904793E-5,0.03300648744666389,1.6570963852262498E-5,0.0950786630491834,0.0072407069189829275,3.662735597653107E-5,0.29359885935653607,0.017343542671543928,6.434565678183849E-5
75,104184181.txt,0.33647832420095236,0.0068744266711310105,0.004122982756001379,0.1682443627355024,0.053199210249116016,0.0011013383330144425,3.5567644092677917E-4,0.059540303239037126,0.3661627815823392,0.003920593791979332
76,104184182.txt,0.13090579498916238,4.8658380725322364E-4,0.007090994797941332,2.7675338953176993E-4,0.2218659085214364,0.3193171986359739,6.117172788779993E-4,3.727535554552552E-4,0.15361786307674047,0.16545443194762724
77,104184183.txt,0.12678521084941818,2.536430040681365E-5,0.02755301607015691,1.4426407139016486E-5,0.3046730382984832,6.896804686818904E-4,3.188717050221441E-5,0.2833766372099318,0.244975859372361,0.011874879852919115
78,104184184.txt,2.5570593664910296E-5,2.3229686236356003E-5,0.0717782950180928,0.12340917585833225,3.089614310947959E-4,9.042782714210116E-5,0.4516692544102503,0.040879178056391505,0.31176460325092753,5.13038678675656E-5
79,104184185.txt,3.253457773113123E-5,2.9556139463575684E-5,0.030040757489115968,1.681059183657018E-5,0.3553692262040417,0.0014922662001487827,3.7157013729781055E-5,0.4576009784168397,0.14188763050961237,0.013493082857480448
80,104184186.txt,0.1280652723229253,0.14000331667744448,5.975857460883107E-4,0.001934071350266768,0.019652878255842724,0.008280308268626555,5.1551797302058165E-5,0.0028975357902876584,0.19685549600123803,0.5016619837899782
81,104184187.txt,3.2301029739698925E-5,0.01985555210670081,0.01922834485645191,1.6689917765104896E-5,0.007568737840218117,1.1422933593527148E-4,3.689028379107005E-5,2.2479313433971556E-5,0.020202691904301122,0.932922083411663
82,104184188.txt,0.27621436590296494,0.003017758060531188,0.06391344119557908,0.31090631643129607,0.046704775296461505,0.006469371816523518,4.0277213569536196E-5,0.04555677304164382,0.24710616344259811,7.075759883227141E-5
83,104184189.txt,0.18845089744275445,2.951549040713162E-5,0.02415434534288526,0.03749417146744098,0.2297266481291561,0.04481269444325597,3.7105911062930526E-5,0.262020469464686,0.21320896594274613,6.518636560505777E-5
84,104184190.txt,0.09452380105271947,2.591251660149863E-4,0.19431246968600255,1.1651582141324823E-5,0.45917626720687554,0.03229608147549862,2.5753881945848816E-5,1.5693280856309838E-5,0.18950397280076522,0.029875183867180126
85,104184191.txt,0.03929454358384699,1.1593876545335047E-4,0.0016895777673949749,0.0014165257782355648,1.9143504479091842E-4,0.3853676195681544,1.4575443132798228E-4,0.02439931927200097,0.11898826099288694,0.42839102479590785
86,104184192.txt,0.008391632354377572,0.3226154346974631,1.1030855909893042E-4,2.1457584012612485E-5,0.061149897021129544,0.0010258185878156579,4.742841605553154E-5,4.683799534897129E-4,4.455150572001921E-5,0.6061250913208375
87,104184193.txt,0.02034003235351247,0.13042376394584695,0.09269779640488884,4.300170895785381E-5,1.2483696214529526E-4,0.1341653949919638,9.504811643068369E-5,5.791813401747715E-5,8.928269284558545E-5,0.621962924689391
88,104184194.txt,0.041443227733722235,1.1084861491481981E-4,0.0054892622212113435,6.304716565837806E-5,0.069912569928899,0.8371859834536376,1.3935526022920187E-4,8.491695512852638E-5,0.045325974223776454,2.4481444282239604E-4
89,104184195.txt,0.050194644902660505,0.24423646761300494,5.143018114556119E-4,2.0072609502406164E-5,0.0012916114601759351,0.004659625199882657,4.436716054522985E-5,2.7035392671958325E-5,0.025530687601228518,0.6734811862488723
90,104184196.txt,4.023729687937788E-5,0.13502088500656476,0.006919968925803217,2.0790581025395764E-5,0.014538171222054684,9.939313044191067E-4,4.5954117030561986E-5,2.8002414027551427E-5,0.030702068382760062,0.8116899907494354
91,104184197.txt,0.0010177357429577711,0.0233265391737188,2.3339552304668012E-4,4.540086539839801E-5,1.3180188072661032E-4,0.10073654639322134,1.0035105220283563E-4,6.114950941208117E-5,0.0066033444514670536,0.8677437354078484
92,104184198.txt,0.00998873848614618,0.7863060787923115,0.01591397895614365,1.1060348417248163E-5,0.025630031605000173,0.007098138324475623,0.0016101590803084052,6.944878266771228E-4,2.2964149900883616E-5,0.15272436243061918
93,104184199.txt,3.7358000964453015E-5,0.05656862164114015,9.92315667140266E-5,1.9302850992367214E-5,0.04354425571407054,1.321128049609503E-4,4.2665737549287986E-5,0.02967705647763827,0.17320225560738403,0.696677139598586
94,104184200.txt,0.11335274768054698,6.060995256850868E-4,0.06574348707732618,0.00669747378544745,0.15085099593755788,9.710200911184268E-5,3.135902562585823E-5,1.9108808433679054E-5,0.5756638135279448,0.08693781262232028
95,104184201.txt,0.06545302294381126,0.31687401832279205,0.045971413578872744,0.014259320819122432,0.30158703428333183,3.5198437472918123E-4,2.8471668057142113E-5,1.734937995785824E-5,0.10977709457026592,0.1456802900590596
96,104184202.txt,2.1751748486808185E-4,0.014009100481061345,0.11106974549232032,1.1239112078395843E-4,3.262792672850689E-4,0.691344030552044,0.10843847415190466,1.5137733252228982E-4,2.3335309592835478E-4,0.07409773102128206
97,104184203.txt,0.9006402340241513,2.86869634621036E-5,0.005096542173425219,0.023408748861041787,0.03313095045009815,0.035534498304827716,3.60643140333239E-5,2.197600385856916E-5,0.001370587162728168,7.31711742373692E-4
98,104184204.txt,0.06294177939733793,4.2425360429864815E-4,0.002833062315530889,1.907659450936128E-5,0.21377561688792754,1.305642576182633E-4,4.2165635272863984E-5,0.4087119225237947,0.3110474836717363,7.407511197353019E-5
99,104184205.txt,3.2862704585368624E-5,0.00594203254074134,0.0018261669852455567,1.698013473529127E-5,0.9915563751936782,1.162156424137161E-4,3.853069549790285E-4,2.2870200814514383E-5,3.5255160568933137E-5,6.593448223817407E-5
100,104184206.txt,0.300289675469549,3.6225927774951016E-4,0.004754420460134105,0.06106877958248442,4.728814750565911E-5,1.1148547280554891E-4,3.600415512096488E-5,0.12145968014645055,0.5118071564488654,6.32508393348979E-5
101,104184207.txt,1.532948180950201E-4,1.3926115962232112E-4,0.29728234885087085,0.00656828189746714,2.2994436956171559E-4,0.4969563170650372,0.15915740180100488,1.0668273709944368E-4,0.039098902400895696,3.0756490034573495E-4
102,104184208.txt,2.0612964951771413E-4,1.872591283978439E-4,0.14888288415971312,0.0022879093247909327,3.091973551052991E-4,0.6529682414284828,0.15511497865101742,0.03940869339525625,2.211362084604701E-4,4.135706992582064E-4
103,104184209.txt,1.6421741327691175E-4,1.4918382556770586E-4,0.1255620389593079,8.485101389264405E-5,2.463284149866633E-4,5.80738329978842E-4,1.8754903568214156E-4,0.026182167284017847,1.7617269626280318E-4,0.8466667530270264
104,104184210.txt,1.1864847264317574E-4,1.0778657813119296E-4,0.17735726295706913,6.130557655058705E-5,0.002689209898114419,0.024276325908429538,1.3550576753917947E-4,8.257124390464734E-5,1.2728626590752986E-4,0.7950440973317106
105,104184211.txt,0.01947154576198943,6.937290011928478E-5,0.12707965555034495,0.008928915515058774,0.06476515337614926,0.22008211541078215,0.3799095275041718,0.17865044488274345,8.192316301768157E-5,9.613459356232595E-4
106,104184212.txt,0.13352542719250407,2.3387908467761777E-5,0.05292336039987816,1.3302298280434553E-5,0.13462809325843728,9.083887443905943E-4,2.940251507198541E-5,0.3373089509870374,0.33922579172926337,0.001413894966668984
107,104184213.txt,4.26144217311405E-5,3.871320544726263E-5,0.002819040308853567,2.2018839647892394E-5,0.3396476532324562,0.003758496890102514,4.866897816951048E-5,0.5078268428009376,0.14571045136553962,8.549995711469604E-5
108,104184214.txt,0.19973892659400183,1.1817320436765613E-4,0.09120196727140319,6.721315911682082E-5,0.04287011889963725,0.10095274987935586,1.4856349499204878E-4,0.5163202991120518,0.04832099723776829,2.609911473051436E-4
109,104184215.txt,0.013795653502656904,0.02453805670969112,0.1260524359774942,0.09286747815233581,0.03831712031006975,0.4007590554834956,0.29835872539252556,0.0047565607425760015,4.357484368467126E-5,5.113388854704779E-4
110,104184216.txt,1.1659882289474139E-4,1.059245673709229E-4,0.08174889543102319,6.02465240676071E-5,0.005110607848950671,0.564316977276206,0.1765847253737739,0.003782925816271295,0.07909641515920078,0.08907668318024083
111,104184217.txt,0.0010625880378794938,0.03964730146084712,0.4983398704095989,0.35500614689363563,0.002949624847334479,0.03552758069219773,0.045283451839890076,0.021705596486021862,2.114403909314374E-5,4.566952935015735E-4
112,104184218.txt,2.610752077864873E-5,2.3717459361508426E-5,0.20590339085285997,0.48987088378938637,3.916164604171178E-5,9.232661576098545E-5,0.23763690022552092,1.816905365855498E-5,0.06467923786085425,0.0017101049757771271
113,104184219.txt,0.0013645646951873707,2.2993246749865628E-5,0.260953980933192,0.2831314511262076,3.7965845196275225E-5,0.028749550888044796,0.3099323670090946,1.7614261612721643E-5,0.10957816022400273,0.006211351770712077
114,104184220.txt,0.004297461870699172,8.785517775674941E-4,0.22954283200500603,0.27332967847901135,4.035463983860625E-5,0.034829019286579846,0.30665686335486086,1.8722543373645396E-5,0.15006783526639422,3.3868077666883656E-4
115,104184221.txt,3.357497370995147E-5,3.0501290462659674E-5,0.1816540773186163,0.12615342936913185,0.1048676698470287,0.04702003794452931,0.45554948918564253,2.336589154109081E-5,0.08460049062738248,6.736355195523309E-5
116,104184222.txt,2.454761599768252E-5,0.01690795791442226,0.2694563870418167,1.2683734717818115E-5,0.5032294169199276,0.0063215144979033265,0.20369504333693744,1.7083466332668785E-5,2.861140676122298E-4,4.925140433235466E-5
117,104184223.txt,0.02685065427242051,2.6772364373484565E-5,0.3453230553308036,0.06550881609906109,0.004722319312823502,0.004470457913864284,0.30660602791315134,0.20086751504663,0.04494150524064797,6.828765062243103E-4
118,104184224.txt,0.15398073869819326,3.423576394438748E-5,0.020838544582399452,0.002811185608282948,0.041533413918836845,0.1708266052462145,0.4666579932354307,0.09374803356061681,0.04949363807166751,7.561131441367025E-5
119,104184225.txt,0.1872052289442834,3.1753645755018156E-5,0.017108324318173506,1.8060463504325033E-5,0.1043647186641618,0.04229240686892346,0.48387138257127393,0.023698035997960498,0.13912054870734225,0.0022895398186219217
120,104184226.txt,0.05758851229637655,3.2291150616566006E-5,9.441634990944301E-5,1.836617916955217E-5,0.12832496391529027,0.18595031473411242,0.51613648331108,0.07826667922965408,0.03351665629048253,7.131654330875884E-5
121,104184227.txt,0.0126710195535886,8.306729525093366E-5,0.21312810449440067,4.7246034860277155E-5,0.011749079811436676,0.5480189820171509,0.21395731297308068,6.363473092462187E-5,9.809501345019282E-5,1.8345807585640815E-4
122,104184228.txt,1.2426555398299094E-4,1.1288943334049751E-4,0.2528218843790069,6.42079182529075E-5,1.864000676862047E-4,0.6342990907731967,0.08693597924871642,8.648034937401978E-5,1.333122795014357E-4,0.025235489996941994
123,104184229.txt,1.272783739690245E-4,0.09844262407131298,0.11886925628494903,6.576464007302223E-5,0.004231754858902564,0.5176770535894186,0.16716656324227525,8.857706657876402E-5,1.365444374663098E-4,0.09319458343505438
124,104184230.txt,1.4052824263562948E-4,1.276633239943837E-4,0.022680738433558598,0.010482760066389854,2.1079432794940216E-4,0.6251059177144375,0.3243622844426939,9.779807139241267E-5,0.012048072321908044,0.004743443055040287
125,104184231.txt,1.105943474526869E-4,0.08319770590673571,0.05647217754429665,5.7144016124112184E-5,0.0013362766742043533,0.6569763095026155,0.1780246156529824,7.696612214684382E-5,0.0012890293952616738,0.022459180838179958
126,104184232.txt,9.859355078673425E-5,8.956762129644915E-5,0.0899928360543653,5.094321351550899E-5,0.041883216625127784,0.650376351799685,0.2171362910790492,6.861438624599868E-5,1.0577131456171018E-4,1.978143553662573E-4
127,104184233.txt,0.008401323488265286,0.05250173122340047,0.3201604161648212,6.73058131555317E-5,1.953934727871052E-4,0.5105095024385509,0.10629406892118888,9.065284150260246E-5,0.0015182547100126168,2.6135092631543504E-4
128,104184234.txt,1.3414441027355677E-4,0.08671784071981412,0.19058354659454085,6.931231586597162E-5,2.012184901870677E-4,0.3411798707109044,0.13927460869573183,0.007191386245446887,1.4391033188804227E-4,0.23450416148534722
129,104184235.txt,1.1190405415855198E-4,0.029707754657902347,0.11635313594303544,5.782074059368628E-5,1.6785764518757873E-4,0.6434401222842994,0.20855471239640277,7.787758867856035E-5,1.2005084327206741E-4,0.0014087638464696216
130,104184236.txt,1.2779477162135126E-4,0.09072756821325202,0.23565879961457437,6.60314623514722E-5,1.916939434674188E-4,0.3912984347640543,0.08264296396472522,8.893644412111379E-5,1.3709842967053957E-4,0.19906067839216218
131,104184237.txt,7.736408946040223E-5,0.024631843119806034,0.21143492570875816,0.009045879838940573,1.1604721541638502E-4,0.5651895041012213,0.18921237911118732,5.384012923206599E-5,8.299631544660322E-5,1.55220370531234E-4
132,104184238.txt,1.3766207710393731E-4,0.13998097843141746,0.09797343931679085,7.112989167074335E-5,0.004576992504735964,0.3923747674345299,0.11233332238532352,9.580341568453694E-5,1.4768409033238809E-4,0.2523082204524106
133,104184239.txt,1.0048066777986762E-4,0.010724820594047713,0.008773730989497817,5.191828544610501E-5,1.5072240596847956E-4,0.6415577182614274,0.19577186724691076,6.992769095229051E-5,1.077958166057355E-4,0.14269101804136383
134,104184240.txt,0.012544362540169024,9.706179669829949E-5,0.052295245391049454,0.013623408872066547,1.6026588972005494E-4,0.630168604920564,0.22852011029074437,7.435539218290868E-5,1.1462126248190986E-4,0.06240196364432342
135,104184241.txt,1.3726214121045723E-4,0.03353449848589951,0.06573160469794823,7.092324509547046E-5,2.0589513016523224E-4,0.7020912612295929,0.1977103773975993,9.552508758244597E-5,1.472550384841054E-4,2.7539754642239874E-4
136,104184242.txt,9.717409345918551E-5,8.82781108229359E-5,0.06915833575211526,5.020978098228088E-5,1.4576249827540338E-4,0.7695580281551588,0.1533368398291194,6.762654076771973E-5,1.0424851853396754E-4,0.007393496720765004
137,104184243.txt,1.3928540108358253E-4,0.0016005458528639267,0.05638241502562176,7.196866194973241E-5,2.0893004825161488E-4,0.6991740634781672,0.24189697586061254,9.693313844685737E-5,1.4942559482143954E-4,2.794569381812616E-4
138,104184244.txt,1.41793463591952E-4,1.2881271795137135E-4,3.7663652173000313E-4,7.326457596088799E-5,2.1269217706637307E-4,0.8273064679653751,0.16372228076736772,0.0015992321717502756,1.5211624817955828E-4,0.006286703391026714
139,104184245.txt,0.0015670985642731701,1.2291082117330335E-4,0.08626748460693354,6.990776483472792E-5,2.0294712009907745E-4,0.7020613185148192,0.1963113585091742,9.415735771172308E-5,1.4514663827379067E-4,0.013157670102707169
140,104184246.txt,9.48335377027708E-5,0.022165178930492222,0.009284229272339784,4.9000417583838065E-5,0.04530389798287664,0.7108786051690323,0.21186624904174797,6.599767361140525E-5,1.017375666797589E-4,1.9027040793320672E-4
141,104184247.txt,1.4595470795902133E-4,1.3259301348406656E-4,0.04981459130903979,7.541468779467688E-5,0.037289110265318795,0.6075402887914375,0.2225877485895764,1.0157452111634151E-4,1.565804376057967E-4,0.08215614367666758
142,104184249.txt,0.0021672694578350527,0.062173588023299295,0.0902826242458661,5.052150721171286E-5,1.466674612744655E-4,0.542552699976097,0.27742360559651724,6.804639853548192E-5,1.048957429785022E-4,0.025030081590385164
143,104184250.txt,1.0982313626233207E-4,0.09307753981228455,2.9171587321090496E-4,5.6745531882269856E-5,1.6473623926073665E-4,0.5722016678801963,0.17678319076181487,7.64294117629496E-5,1.1781843131791978E-4,0.15712033292200708
144,104184251.txt,1.339542479956417E-4,1.2169115788797205E-4,0.08682903262881118,6.921405916003984E-5,2.0093324411252334E-4,0.7234465293894073,0.16884664267971333,0.0015108167718769527,1.437063255006607E-4,0.01869747949553431
145,104184252.txt,1.5429605671448467E-4,0.22710832568780392,4.09846326096073E-4,0.004978317928719115,0.014927226058378127,0.46591201332081866,0.27939603459718876,0.0050059728031817755,0.0017983934736178148,3.0957374748123977E-4
146,104184253.txt,0.0026037296895469442,0.4090966789548322,0.21288735476370427,6.069588984989446E-5,1.7620440413176672E-4,0.23909648894143093,0.13314913135460657,8.175006919100988E-5,1.2602039830019067E-4,0.002721945534406108
147,104184254.txt,1.6712175350682088E-4,1.5182228258393845E-4,0.005749698034800032,8.635168430438311E-5,2.5068496592203294E-4,0.7044916422068871,0.24248832008039928,0.04609976377625967,1.792884769766598E-4,3.353067383599944E-4
148,104184255.txt,0.0046665117726769475,9.783614880142876E-5,0.07550653541717967,0.006893870773475402,0.03321296378832029,0.6545710151213806,0.21780648220466584,7.494859420754053E-5,0.002394943930941989,0.004774892248350298
149,104184256.txt,1.378629202851517E-4,1.2524200352245E-4,3.6619608165553965E-4,7.123366719137421E-5,2.067963071736479E-4,0.782488997225044,0.21608322612434114,9.594318883907652E-5,1.478995552094342E-4,2.766029267381487E-4
150,104184257.txt,0.06778270125534663,3.342266444418975E-5,8.764134187129881E-4,0.002744419941339721,5.518662580101159E-5,0.48564246543313183,0.3278699296816405,0.06621413710734698,0.03274439148145948,0.0160369323907767
151,104184258.txt,0.18914288083009867,4.1820782625453265E-4,0.003948126864317341,4.0395034004042386E-4,0.026244491907200157,0.04326501023757516,0.4911021975999295,0.030066684094496216,0.2149502851927414,4.5816510734672793E-4
152,104184259.txt,0.23961437148142428,3.0468812575753E-5,0.0749802814925088,1.732969126726318E-5,0.019216775883846068,0.04838970909943769,0.4469009233794101,0.04155068526958824,0.12923216306694593,6.729182299593833E-5
153,104184260.txt,0.15967871712464202,4.514151958751427E-4,0.009666083868129312,0.12349142211817339,0.03373286923481647,0.030071316996552563,0.3891659838594106,0.037027103346548296,0.21663627070228952,7.88175535627637E-5
154,104184261.txt,0.1638363925187976,3.324147115554764E-5,0.005131231444055579,0.026738023203996143,0.0019910553074430418,0.07873781665136594,0.49376459521909866,0.07243814312616251,0.15725608568646737,7.341537145769192E-5
155,104184262.txt,0.1414675742266732,0.0016051741222216222,0.0032415067293822997,0.09941335961658784,0.09748555156227906,0.07595371862823487,0.4640128494679587,0.023204714676125608,0.09118389425585713,0.0024316567146798413
156,104184263.txt,0.28719777367534005,3.452491494693476E-5,0.006938085042656005,1.9636673256345727E-5,5.7006632884394796E-5,0.00174313576039979,0.41710878326411993,0.2863818487439062,4.077082305202736E-5,4.7843446943841904E-4
157,104184264.txt,0.18454765233795273,4.015068577382095E-4,0.0015718702179513874,0.06139903604455439,0.01336394972017245,0.033772174691593465,0.5332409676434445,0.08913767004101518,0.08249506893875129,7.01035068264543E-5
158,104184265.txt,0.12932803621747377,3.11770239992391E-5,0.04585241828084729,0.0014704708973159967,0.022932108450541864,0.16391761935135443,0.4551094978858875,0.0802876800307748,0.10100213592016712,6.885594163805613E-5
159,104184266.txt,0.1725499588300706,3.517568228268234E-5,0.013215343636028143,0.008625080459199118,5.808116281905613E-5,0.04930878027254949,0.37538933903237676,0.324151387590976,0.043476672983655915,0.013190180350042283
160,104184267.txt,0.05014069295468228,3.233981080132115E-5,0.032493341336372696,0.35452135349227876,0.004574159024242618,0.011427792392162602,0.40464871038003997,2.4774312830080034E-5,0.1352842717180376,0.006852564578552213
161,104184268.txt,0.09690190271161665,3.185971041302835E-5,0.08100108385877591,1.812078970749146E-5,0.07242437727061135,0.14041391776591255,0.4628482523610906,2.4406525978064102E-5,0.1451523034518369,0.0011837755540575028
162,104184269.txt,0.4844468324359334,3.287232241687629E-5,0.00737184868811464,1.8696731200340258E-5,5.427791549831764E-5,0.00242556430166149,0.4250973091890642,0.046743047067755714,0.03143935135038731,0.002370199997967863
163,104184270.txt,0.07242047533492027,2.987500690899284E-5,0.033845025837528554,0.001061043728833027,4.932882684569561E-5,0.0999972497065007,0.35605921327368306,0.3320313506767027,0.09956821561492009,0.004938221993157004
164,104184271.txt,0.14995825562830115,3.0211458394565015E-5,0.008886750996404286,0.006352042458383079,4.9884366702952385E-5,0.07613591596462299,0.37520241671250976,0.2541213827795596,0.12286155704909923,0.006401582586022509
165,104184272.txt,0.11193844376744896,3.289751752796995E-5,0.0016290965861566263,1.8711061377980492E-5,0.21082906986437608,0.1277425931362268,0.5135652948951204,0.032599481150118625,3.884901289533554E-5,0.0016055630087514015
166,104184273.txt,0.0681167752914522,4.374131494629027E-4,0.002115273348453609,0.023383959315712875,0.11446155787502131,0.026721565943235638,0.6075150395670855,0.04957490108265987,0.10759714164493664,7.637278197959733E-5
167,104184274.txt,0.15004927454871447,0.024784477206922756,0.028971796503208753,0.134655728878444,0.1609429974317389,0.008001051273130657,4.047358309713194E-5,2.466281813902879E-5,0.48570781256301654,0.0068217251935878504
168,104184275.txt,0.07987691056059035,3.940753792621452E-4,0.016785457882813083,0.30414550493723996,5.144131788332666E-5,0.0026617237878496713,0.0014908502270939907,2.3866209910927746E-5,0.5665564479003838,0.028013721796972743
169,104184276.txt,0.2935806271493068,0.039651675176846334,0.02902783800826592,0.0041513020369837285,0.13855391130371117,0.0018378344793495633,3.718261788394306E-5,0.05893899547254414,0.32665883623971737,0.10756179751539101
170,104184277.txt,0.5547413362177075,3.646054554248403E-5,0.018370123098081954,2.0737598359512754E-5,0.3436691398946165,0.01330865322865331,4.5837007671010896E-5,0.034856030991365416,0.0348711565675219,8.052485048047687E-5
171,104184278.txt,0.30561613768549506,3.242531994394717E-5,9.480864866372263E-5,0.057810541443953756,0.0661556138032204,0.0054143902320620205,4.076405377077718E-5,0.0736814365236596,0.4907045432896243,4.493389996064476E-4
172,104184279.txt,0.181824379354951,0.08782675390118909,0.0035294467924380703,3.611133281570624E-4,0.30028078839276295,1.150552548668138E-4,3.7157013729781055E-5,2.2641846905615924E-5,0.3512236941924716,0.07477896992252807
173,104184280.txt,0.1238408320911852,0.08349590100481932,0.020606027510179238,1.698013473529127E-5,0.4389415904877592,4.6399083731989534E-4,3.7531760072849234E-5,0.002805071760063949,0.25808444978095396,0.07170762463291111
174,104184281.txt,0.15823583058426965,0.00631541089402001,0.025227498988550406,0.11497244150352051,0.1467948183070669,0.008255340373616379,3.989013604530768E-5,7.635638467855283E-4,0.5393251277715374,7.007759458795931E-5
175,104184282.txt,0.1677685735254299,0.01777029202264411,0.010122151881090488,0.10914111361392348,0.17935452569438312,0.0016712170295897322,4.16128396580438E-5,2.5357030887824323E-5,0.49552367859604024,0.018581477766353185
176,104184283.txt,0.11074122124325488,3.33447688673688E-5,0.01602340989629102,0.12470721005927443,0.1740747888096994,9.066773162156068E-4,4.19199549436456E-5,4.139810725242559E-4,0.5648266284881659,0.008230818390763575
177,104184284.txt,0.08956754809452115,3.137071110475507E-5,0.05746594354145269,0.15459933574277201,0.04975175844450624,0.013277990716543954,3.943823396383989E-5,2.4031921998118733E-5,0.6179975774309383,0.017245005162199015
